88,42
88,41
88,40
88,39
88,38
88,37
88,36
88,35
0,273
0,270
3,2
3,1
3,3
10,271
10,93
10,299
10,305
10,259
10,81
10,223
10,261
11,10
11,12
77,4
77,3
77,2
77,1
9,5
77,0
76,13
76,12
76,11
76,10
76,9
76,8
76,7
9,7
76,6
76,5
76,4
76,3
9,2
76,2
76,1
9,3
76,0
70,5
70,4
70,3
70,2
70,1
8,15
70,0
65,3
8,4
8,16
65,2
65,1
8,8
8,17
8,18
65,0
63,3
8,2
63,2
63,1
8,3
63,0
62,3
62,2
62,1
62,0
61,3
61,2
61,1
61,0
60,3
60,2
60,1
60,0
57,3
57,2
57,1
57,0
53,3
53,2
53,1
53,0
52,3
52,2
52,1
52,0
50,3
50,2
50,1
50,0
49,3
49,2
49,1
48,4
48,3
48,1
36,5
36,3
36,1
25,3
25,1
20,3
20,2
20,1
19,3
19,2
19,1
14,5
12,3
12,2
12,1
11,30
11,29
11,27
11,26
11,25
11,24
11,23
11,22
